AO-07
1 07530U 74089B   21175.52474483 -.00000050  00000-0 -27889-4 0  9991
2 07530 101.8541 150.0200 0012407  10.6662 104.8825 12.53649227132612
UO-11
1 14781U 84021B   21175.54485559  .00000079  00000-0  15730-4 0  9993
2 14781  97.5923 175.0370 0009854  63.1811 297.0410 14.83295529986988
LO-19
1 20442U 90005G   21175.81869292 -.00000003  00000-0  15561-4 0  9993
2 20442  98.7419 131.3521 0012494 135.3897 224.8294 14.32989580641948
HUBBLE
1 20580U 90037B   21175.27260081  .00000516  00000-0  20229-4 0  9997
2 20580  28.4710  19.9585 0002791 134.4065  28.7294 15.09665657512075
MET-2/21
1 22782U 93055A   21175.82541428  .00000051  00000-0  32812-4 0  9999
2 22782  82.5493 298.0559 0021032 270.7287 200.5284 13.83837172404814
AO-27
1 22825U 93061C   21175.51478778 -.00000005  00000-0  15941-4 0  9991
2 22825  98.9166 193.3040 0008792  21.5947 338.5603 14.30117581446995
IO-26
1 22826U 93061D   21175.55347052 -.00000005  00000-0  15868-4 0  9994
2 22826  98.9108 193.2516 0009073   8.8714 351.2627 14.30456824447245
FO-29
1 24278U 96046B   21175.47470656 -.00000002  00000-0  31797-4 0  9997
2 24278  98.5668 242.5214 0351225 131.3755 231.8155 13.53105154227194
NOAA-15
1 25338U 98030A   21175.73368079  .00000092  00000-0  57181-4 0  9997
2 25338  98.6809 204.1934 0009205 258.1095 101.9053 14.26039945202288
GO-32
1 25397U 98043D   21175.29320478 -.00000026  00000-0  82035-5 0  9993
2 25397  98.7715 120.8265 0002382  74.9182 285.2260 14.23710311192465
ISS
1 25544U 98067A   21175.84558301  .00058267  00000-0  10669-2 0  9992
2 25544  51.6443 304.8451 0002232 101.7784 359.3562 15.48759103289787
NO-44
1 26931U 01043C   21175.51840316 -.00000013  00000-0  26709-4 0  9996
2 26931  67.0513 262.2039 0006361 261.0794  98.9587 14.30622681 30365
SO-50
1 27607U 02058C   21175.55145214 -.00000021  00000-0  17432-4 0  9995
2 27607  64.5560 316.6402 0041417  18.6143 341.6463 14.75759413995570
CO-55
1 27844U 03031E   21175.51108561  .00000052  00000-0  42769-4 0  9994
2 27844  98.6792 183.6166 0011003  62.1158 298.1133 14.22316053932982
CO-57
1 27848U 03031J   21175.50637451  .00000047  00000-0  40886-4 0  9994
2 27848  98.6848 184.1761 0010981  74.0308 286.2079 14.21892366932812
RS-22
1 27939U 03042A   21175.95293389  .00000066  00000-0  20537-4 0  9996
2 27939  98.1417 312.9941 0011598 254.1816 105.8079 14.66993522948628
NOAA-18
1 28654U 05018A   21175.74149628  .00000107  00000-0  82201-4 0  9991
2 28654  98.9934 240.6350 0013180 260.4584  99.5098 14.12616596829562
CO-58
1 28895U 05043F   21175.32931968  .00000144  00000-0  36542-4 0  9994
2 28895  98.0599 308.4177 0016717 184.1161 175.9906 14.63923834835015
Falconsat-3
1 30776U 07006E   21175.36173081  .00004041  00000-0  97244-4 0  9990
2 30776  35.4353  55.8272 0003430 312.5934  47.4504 15.40835094794175
CO-65
1 32785U 08021C   21175.72570731  .00000256  00000-0  33062-4 0  9995
2 32785  97.6112 154.2861 0012543 346.5311  13.5570 14.88735505713321
AAUSAT2
1 32788U 08021F   21175.51421678  .00000632  00000-0  61858-4 0  9992
2 32788  97.5042 169.8751 0010169 242.8560 117.1625 14.95607135714914
DO-64
1 32789U 08021G   21175.57657437  .00002125  00000-0  13788-3 0  9990
2 32789  97.3752 210.6682 0013429 115.0784 245.1841 15.09035245717907
CO-66
1 32791U 08021J   21175.47392370  .00000278  00000-0  33209-4 0  9992
2 32791  97.5710 159.9495 0011857 307.9362  52.0785 14.91425000713821
RS-30
1 32953U 08025A   21173.45925555  .00000021  00000-0  80971-4 0  9993
2 32953  82.5041  47.8171 0019270 329.3369  30.6583 12.43102078593602
PRISM
1 33493U 09002B   21175.47716468  .00000167  00000-0  19837-4 0  9998
2 33493  98.1889 138.3581 0013700 264.8378  95.1279 14.97689669675371
NOAA-19
1 33591U 09005A   21175.77626767  .00000101  00000-0  79953-4 0  9998
2 33591  99.1825 196.6634 0014961 110.6726 249.6051 14.12477481637952
SRMSAT
1 37841U 11058D   21175.56065332  .00000298  00000-0  18784-4 0  9995
2 37841  19.9716 258.1253 0011995  12.6497  16.6722 14.10697676500868
HRBE
1 37855U 11061F   21175.52398404  .00002998  00000-0  14981-3 0  9992
2 37855 101.7128 102.5871 0166983  49.6876 311.8792 15.07723912527717
RS-40
1 38735U 12041C   21175.92109463  .00000036  00000-0  19124-3 0  9993
2 38735  82.4755 128.4394 0018492  70.1449 290.1642 12.42583302404113
ZACUBE-1
1 39417U 13066B   21175.74440381  .00000248  00000-0  37114-4 0  9991
2 39417  97.5928 159.6939 0059645 136.0944 224.5032 14.81526638410157
GOMX-1
1 39430U 13066Q   21173.53691270  .00000216  00000-0  47398-4 0  9996
2 39430  97.8144  96.3165 0152016  98.7420 263.1032 14.59619365403787
LO-74
1 39440U 13066AA  21175.50127806  .00000192  00000-0  33655-4 0  9999
2 39440  97.6764 144.4985 0078871 211.7563 147.8878 14.76255099407464
AO-73
1 39444U 13066AE  21175.79160839  .00000325  00000-0  45603-4 0  9991
2 39444  97.5834 162.1043 0058905 126.4000 234.2667 14.82436707409116
SPROUT
1 39770U 14029E   21173.58578926  .00000919  00000-0  10505-3 0  9999
2 39770  97.9185 284.8553 0008834 181.6277 178.4913 14.88449946384103
DTUSAT-2
1 40030U 14033W   21175.74667806  .00000325  00000-0  40469-4 0  9995
2 40030  97.9163 102.9912 0012531 144.8184 215.3862 14.89004356380918
EO-80
1 40032U 14033Y   21175.77729083  .00000265  00000-0  34211-4 0  9997
2 40032  97.9171 103.0286 0012487 145.5025 214.7005 14.88962006380902
HODOYOSHI-1
1 40299U 14070B   21175.85378943  .00000666  00000-0  29671-4 0  9996
2 40299  97.2861 249.2328 0011763 329.2193 142.9757 15.24748996368542
FIREBIRD FU3
1 40377U 15003B   21175.45361307  .00004648  00000-0  16945-3 0  9995
2 40377  99.1004 318.1497 0118083 149.0871 211.7382 15.22490078353856
FIREBIRD FU4
1 40378U 15003C   21175.29834593  .00004721  00000-0  17174-3 0  9997
2 40378  99.1009 318.1039 0118157 149.4013 211.4181 15.22539069353845
GRIFEX
1 40379U 15003D   21175.65332496  .00003282  00000-0  13419-3 0  9992
2 40379  99.0966 307.7924 0128355 180.8166 179.2873 15.18096160353285
NO-84
1 40654U 15025D   21173.74543777  .00037057  00000-0  24918-3 0   518
2 40654  54.9805  16.7423 0078595  80.0817 280.9374 15.70603923  7885
XW-2A
1 40903U 15049E   21175.88460782  .00003079  00000-0  66193-4 0  9992
2 40903  97.2357 230.3435 0011809 356.7835 117.1645 15.45379485323944
XW-2C
1 40906U 15049H   21175.88236470  .00000671  00000-0  37524-4 0  9991
2 40906  97.4842 178.1413 0015196 155.9195 288.4376 15.16762945318698
XW-2D
1 40907U 15049J   21175.92995532  .00000882  00000-0  47831-4 0  9994
2 40907  97.4845 177.9854 0014656 151.8945 232.0105 15.17087594318737
LILACSAT-2
1 40908U 15049K   21175.93510686  .00000336  00000-0  21824-4 0  9997
2 40908  97.5032 175.8238 0015932 168.2661 210.5348 15.14452219318361
XW-2E
1 40909U 15049L   21175.88303646  .00001282  00000-0  63369-4 0  9999
2 40909  97.4650 181.9585 0014268 138.6610 306.5914 15.19571911319065
XW-2F
1 40910U 15049M   21175.82972314  .00001244  00000-0  62435-4 0  9990
2 40910  97.4712 180.9853 0015278 139.4793 342.8305 15.19072194318847
XW-2B
1 40911U 15049N   21175.93326931  .00000871  00000-0  47402-4 0  9993
2 40911  97.4843 178.6695 0014555 152.9302 231.6053 15.17004033318620
DCBB
1 40912U 15049P   21175.87977119  .00001632  00000-0  75173-4 0  9999
2 40912  97.4441 185.4059 0016058 113.4536   4.6982 15.21616499319323
TW-1A
1 40928U 15051D   21175.91656547  .00004332  00000-0  90643-4 0  9992
2 40928  97.0757 200.6394 0007307 262.8929 215.7560 15.45960843322849
IO-86
1 40931U 15052B   21172.25825716  .00000685  00000-0  62939-5 0  9992
2 40931   5.9988 225.1564 0012697  98.2064 261.9504 14.76678769309850
ATHENOXAT-1
1 41168U 15077C   21175.43386947  .00002273  00000-0  79854-4 0  9991
2 41168  14.9883 209.6854 0010691 273.9050 124.5513 15.15738965305843
ChubuSat-2
1 41338U 16012B   21175.31914436  .00000351  00000-0  20340-4 0  9998
2 41338  31.0021 142.2437 0013704 201.7121 158.2934 15.00538569293637
ChubuSat-3
1 41339U 16012C   21175.27498149  .00002831  00000-0  21147-3 0  9992
2 41339  31.0104 139.7399 0013774 209.2310 150.7640 15.00687624293625
Horyu-4
1 41340U 16012D   21175.19841574  .00000558  00000-0  35022-4 0  9991
2 41340  31.0047 123.7205 0013857 239.5920 120.3346 15.01905216293804
e-st@r-II
1 41459U 16025D   21172.59569990  .00001736  00000-0  87383-4 0  9992
2 41459  98.1429 309.0401 0161018  48.9973 312.5050 15.08145494283046
AAUSAT4
1 41460U 16025E   21175.86044150 -.00000095  00000-0  00000 0 0  9997
2 41460  98.1427 316.4136 0148628  21.4826 339.2399 15.11265050283832
LO-87
1 41557U 16033B   21175.86069632  .00001775  00000-0  64631-4 0  9995
2 41557  97.3944 269.7545 0012426 200.8058 279.6310 15.29493512282669
NuSat2
1 41558U 16033C   21175.85088162  .00001768  00000-0  60452-4 0  9993
2 41558  97.4048 273.5985 0011708 193.8215 283.7366 15.31583979282853
Lapan A3
1 41603U 16040E   21175.90486374  .00000153  00000-0  10153-4 0  9995
2 41603  97.2553 222.5539 0012831 344.3625 140.5083 15.20043272277718
Pratham
1 41783U 16059A   21175.37181715  .00000070  00000-0  22501-4 0  9994
2 41783  97.9635 225.2415 0032589 222.3371 137.5316 14.63145627253265
TY-1
1 41844U 16066D   21175.87339214  .00001150  00000-0  47697-4 0  9997
2 41844  97.3973 186.0128 0016305 109.0483  10.0743 15.25810026257039
CAS-2T
1 41847U 16066G   21175.43237869  .00000146  00000-0  32478-4 0  9990
2 41847  98.6007 234.5935 0364907 199.3900 159.3098 14.38199380242882
EO-88
1 42017U 17008BX  21175.43619943  .00002589  00000-0  96714-4 0  9990
2 42017  97.3157 242.9108 0007745  86.9530 273.2596 15.28232690242323
CAS-4B
1 42759U 17034B   21175.76460844  .00000301  00000-0  31402-4 0  9995
2 42759  43.0164 140.8860 0009022 220.2044 207.7188 15.10236201222258
CAS-4A
1 42761U 17034D   21175.36986256  .00000299  00000-0  31255-4 0  9996
2 42761  43.0157 142.1067 0009546 218.4222 272.1342 15.10322719222196
NIUSat
1 42766U 17036B   21175.34643511  .00001451  00000-0  64850-4 0  9993
2 42766  97.2493 221.0812 0016035 145.9962 214.2306 15.22764973222266
Aalto 1
1 42775U 17036L   21175.38518757  .00001143  00000-0  51814-4 0  9994
2 42775  97.2462 221.3652 0014539 144.5958 215.6247 15.22708120222254
URSA MAIOR
1 42776U 17036M   21175.38644881  .00001285  00000-0  57468-4 0  9991
2 42776  97.2476 221.8363 0014336 143.9477 216.2730 15.22973701222273
Max Valier Sat
1 42778U 17036P   21175.39681362  .00001424  00000-0  62158-4 0  9996
2 42778  97.2543 223.7801 0012920 145.0260 215.1829 15.23640384222342
Pegasus
1 42784U 17036V   21175.39500756  .00001739  00000-0  73484-4 0  9993
2 42784  97.2496 224.2533 0012378 147.8202 212.3794 15.24470057222414
NUDATSat
1 42787U 17036Y   21175.58926035  .00002703  00000-0  10634-3 0  9998
2 42787  97.2536 226.8698 0011510 139.2329 220.9773 15.26426450222427
SUCHAI 1
1 42788U 17036Z   21175.39045048  .00002093  00000-0  85857-4 0  9996
2 42788  97.2507 225.2465 0011947 144.8205 215.3825 15.25268349222549
SKCUBE
1 42789U 17036AA  21175.42080543  .00001941  00000-0  80448-4 0  9992
2 42789  97.2500 224.9851 0011860 145.2678 214.9337 15.25001543222455
VZLUSAT 1
1 42790U 17036AB  21175.38676884  .00002797  00000-0  11003-3 0  9998
2 42790  97.2532 226.6625 0011419 140.9574 219.2492 15.26400734222543
VENTA 1
1 42791U 17036AC  21175.13968943  .00001936  00000-0  80399-4 0  9991
2 42791  97.2497 224.7263 0011517 146.4897 213.7072 15.24946915222401
Robusta 1B
1 42792U 17036AD  21175.38858003  .00002036  00000-0  83685-4 0  9997
2 42792  97.2504 225.3360 0011427 145.0738 215.1253 15.25239032222486
D-SAT
1 42794U 17036AF  21175.60367069  .00000522  00000-0  50176-4 0  9998
2 42794  97.4605 195.1166 0124922 201.3826 158.2149 14.91583694218168
TechnoSat
1 42829U 17042E   21175.63376090  .00000218  00000-0  27129-4 0  9995
2 42829  97.4682  44.7902 0015533 119.9046 240.3718 14.91294186214755
QIKCOM-1
1 42983U 98067NF  21175.72698134  .00006562  00000-0  65691-4 0  9992
2 42983  51.6350 222.4177 0003752  21.1329 338.9821 15.66975142208547
AO-91
1 43017U 17073E   21175.29890874  .00000486  00000-0  43483-4 0  9990
2 43017  97.7066  79.0156 0253360 278.1444  79.1102 14.79577152194135
EcAMSat
1 43019U 98067NG  21175.51547942  .00027231  00000-0  14718-3 0  9999
2 43019  51.6353 188.0097 0004140  20.4312 339.6855 15.79895446291308
PICSAT
1 43132U 18004X   21175.46866157  .00001821  00000-0  73835-4 0  9997
2 43132  97.4090 249.9479 0009198 173.1054 187.0312 15.25900468191751
AO-92
1 43137U 18004AC  21175.48365020  .00001569  00000-0  65157-4 0  9994
2 43137  97.4065 249.4432 0008845 175.5603 184.5715 15.25291155191739
TianYi 2
1 43155U 18008A   21175.87504963  .00000718  00000-0  44870-4 0  9996
2 43155  97.4020 240.6198 0015769 306.4822 170.2818 15.12465376189190
Zhou Enlai
1 43156U 18008B   21175.87673422  .00000728  00000-0  45928-4 0  9990
2 43156  97.4068 240.4570 0013026 307.2811 163.5533 15.12072960189132
TianYi 6
1 43158U 18008D   21175.63232451  .00000604  00000-0  39344-4 0  9997
2 43158  97.4009 238.7848 0012382 308.9497 211.5518 15.11498874189029
S-Net D
1 43186U 18014G   21175.70854507  .00000077  00000-0  11681-4 0  9993
2 43186  97.6780  83.1660 0012585  61.1068 299.1415 14.97075982185386
S-Net B
1 43187U 18014H   21175.30743590  .00000139  00000-0  17070-4 0  9996
2 43187  97.6777  82.7383 0012611  62.3674 297.8826 14.97075266185326
S-Net A
1 43188U 18014J   21175.37433112  .00000136  00000-0  16757-4 0  9998
2 43188  97.6781  82.8491 0012599  62.1947 298.0550 14.97074120185335
S-Net C
1 43189U 18014K   21175.70900392  .00000038  00000-0  83257-5 0  9996
2 43189  97.6776  83.1253 0012562  60.9715 299.2763 14.97074086183933
FMN 1
1 43192U 18015A   21175.54320303  .00002981  00000-0  11132-3 0  9991
2 43192  97.4893 310.9450 0013817 211.8288 211.1324 15.28104668188678
Shaonian Xing
1 43199U 18015H   21175.56959698  .00002003  00000-0  76922-4 0  9999
2 43199  97.4677 308.1014 0014881 222.2507 201.0165 15.27572706188731
SurfSat
1 43614U 18070B   21175.35774950  .00004359  00000-0  10148-3 0  9998
2 43614  93.0325 308.8629 0013063 348.0316  12.0627 15.42245176155732
CP-7 DAVE
1 43615U 18070C   21175.31143740  .00004010  00000-0  94272-4 0  9997
2 43615  93.0330 308.7987 0013284 348.0823  12.0116 15.41952673155710
ELFIN-B
1 43616U 18070D   21175.32108834  .00006027  00000-0  12826-3 0  9998
2 43616  93.0283 309.0006 0012801 345.2190  14.8691 15.44899571155835
ELFIN-A
1 43617U 18070E   21175.47303716  .00006862  00000-0  14368-3 0  9991
2 43617  93.0331 309.9169 0011998 341.2857  18.7958 15.45379140155870
STARS-Me Mother
1 43640U 98067PQ  21175.52062029  .01745212  12021-4  54094-3 0  9996
2 43640  51.6113 187.0759 0003675 348.9978  11.0962 16.25874594155463
CubeBel 1
1 43666U 18083E   21175.89202840  .00001274  00000-0  63304-4 0  9998
2 43666  97.4542 204.1659 0015709 138.2299 344.1827 15.19378501147147
Changshagaoxin
1 43669U 18083H   21175.88765253  .00000913  00000-0  47934-4 0  9992
2 43669  97.4455 201.2129 0011915 131.7406 350.3275 15.18147015147011
Ten-Koh
1 43677U 18084G   21175.30301491  .00000174  00000-0  23704-4 0  9997
2 43677  97.9211 298.3578 0016312  17.2963 342.8807 14.90475449144324
PO-101
1 43678U 18084H   21175.29533243  .00000248  00000-0  30412-4 0  9994
2 43678  97.9246 300.6101 0010448  36.3300 323.8531 14.91756358144452
IRVINE 01
1 43693U 18088D   21175.50662235  .00004356  00000-0  16895-3 0  9995
2 43693  85.0335 190.2720 0016459   8.5806 351.5716 15.25678510145518
QO-100
1 43700U 18090A   21175.74199274  .00000140  00000-0  00000 0 0  9995
2 43700   0.0166  32.6307 0001587  78.0392  95.3363  1.00271394  9689
Reaktor Hello World
1 43743U 18096AA  21175.45266561  .00001813  00000-0  67193-4 0  9999
2 43743  97.3860 252.9110 0015557 249.6672 110.2897 15.28838519143203
MinXSS-2
1 43758U 18099A   21175.79331268  .00000489  00000-0  48559-4 0  9995
2 43758  97.6661 246.8338 0015996  29.4580 330.7539 14.96070278139610
AO-95
1 43770U 18099N   21175.47617363  .00000821  00000-0  79448-4 0  9998
2 43770  97.6648 245.5082 0015391  39.9106 320.3244 14.95337099139502
RANGE-B
1 43772U 18099Q   21175.77069559  .00000103  00000-0  14418-4 0  9990
2 43772  97.6733 246.8023 0014666  26.3956 333.8009 14.95641188139555
RANGE-A
1 43773U 18099R   21175.74981579  .00000504  00000-0  50957-4 0  9996
2 43773  97.6582 245.0919 0014135  27.1475 333.0482 14.95227057139539
MOVE-II
1 43780U 18099Y   21175.43477513  .00000274  00000-0  29522-4 0  9996
2 43780  97.6667 246.0096 0014267  36.9921 323.2281 14.95949988139518
SNUSat 2
1 43782U 18099AA  21175.44082330 -.00000079  00000-0 -19705-5 0  9996
2 43782  97.6646 245.8174 0013302  26.7928 333.3978 14.95577010139512
SnugLite
1 43784U 18099AC  21175.44864130  .00000132  00000-0  16947-4 0  9996
2 43784  97.6608 245.5498 0015697  33.0949 327.1251 14.95702212139532
ITASat 1
1 43786U 18099AE  21175.72851979  .00000451  00000-0  45629-4 0  9999
2 43786  97.6664 246.4381 0015748  31.8997 328.3174 14.95627417139577
EAGLET 1
1 43790U 18099AJ  21175.76130971  .00000279  00000-0  29926-4 0  9990
2 43790  97.6659 246.8851 0014345  36.1092 324.1095 14.95980232139302
ESEO
1 43792U 18099AL  21175.74730187  .00000559  00000-0  55232-4 0  9995
2 43792  97.6623 246.4583 0014098  33.7875 326.4242 14.95747533139359
CSIM
1 43793U 18099AM  21175.76804675  .00000302  00000-0  31546-4 0  9990
2 43793  97.6656 246.8778 0013639  30.0850 330.1153 14.96613673139361
Astrocast 0.1
1 43798U 18099AS  21175.50932178 -.00000069  00000-0 -10657-5 0  9990
2 43798  97.6662 246.8372 0012707  17.5024 342.6632 14.96205834139570
JO-97
1 43803U 18099AX  21175.75806709  .00000465  00000-0  46596-4 0  9992
2 43803  97.6631 246.2179 0015886  32.0059 328.2123 14.95880831139584
Suomi 100
1 43804U 18099AY  21175.76370051  .00000156  00000-0  19092-4 0  9998
2 43804  97.6627 246.1897 0015961  31.7646 328.4534 14.95850800139590
Al Farabi 2
1 43805U 18099AZ  21175.62992309  .00001010  00000-0  94794-4 0  9992
2 43805  97.6636 246.2829 0015950  32.7290 327.4914 14.96077047139586
CHOMPTT
1 43855U 18104G   21175.47951183  .00001589  00000-0  63586-4 0  9998
2 43855  85.0372 288.8451 0019126 117.3639 242.9554 15.24016129140161
ISAT
1 43879U 18111D   21175.28191859  .00000382  00000-0  38496-4 0  9999
2 43879  97.6849  82.4213 0014490  81.4866 278.8318 14.96640838134078
UWE-4
1 43880U 18111E   21175.53625505  .00000345  00000-0  35027-4 0  9995
2 43880  97.6864  83.1490 0013566  81.2769 278.9989 14.96879153136144
Sparrow
1 43881U 18111F   21175.70724729  .00000437  00000-0  43025-4 0  9992
2 43881  97.6883  83.4502 0014233  77.9790 282.3026 14.96943230134171
Lume 1
1 43908U 18111AJ  21175.21305330  .00001413  00000-0  57008-4 0  9992
2 43908  97.2328  69.7081 0018614 267.7103  92.2005 15.26268806138705
FO-98
1 43933U 19003B   21175.37492900  .00010067  00000-0  37960-3 0  9997
2 43933  97.1820 216.5182 0015922  16.5558 343.6198 15.27126179135166
FO-99
1 43937U 19003F   21175.33935852  .00001877  00000-0  75684-4 0  9990
2 43937  97.1755 218.2454 0022767 352.8067   7.2842 15.25793077135315
MYSat 1
1 44045U 18092F   21175.47922268  .00004968  00000-0  13218-3 0  9998
2 44045  51.6387  31.8947 0009771 228.6437 131.3708 15.40026663132548
AstroCast 0.2
1 44083U 19018F   21175.66894677  .00001514  00000-0  68048-4 0  9998
2 44083  97.3723 236.6144 0011428 312.3515  47.6753 15.22615547123998
AISTechSat 3
1 44103U 19018AB  21175.82851284  .00001041  00000-0  45714-4 0  9996
2 44103  97.3594 237.1634 0011938 324.1601 147.3800 15.24100457124139
AISat 1
1 44104U 19018AC  21175.46105883  .00001053  00000-0  35037-4 0  9994
2 44104  97.4256 252.7459 0055740 331.9770  27.8473 15.32106132124746
Raavana-1
1 44329U 98067QE  21175.76166610  .00050352  00000-0  28672-3 0  9994
2 44329  51.6342 247.3284 0006115 333.2681  26.8004 15.78412369115311
Uguisu
1 44330U 98067QF  21175.69902810  .00047369  00000-0  27765-3 0  9994
2 44330  51.6299 248.3102 0006140 330.1908  29.8742 15.77791027115277
NepaliSat-1
1 44331U 98067QG  21174.49162040  .00052803  00000-0  30357-3 0  9995
2 44331  51.6323 253.7500 0005954 327.2049  32.8582 15.78179664115109
Prox-1
1 44339U 19036A   21175.36992969  .00000870  00000-0  15452-3 0  9996
2 44339  24.0006 290.6501 0010696 259.8981 100.0303 14.53605466106187
Oculus-ASR
1 44348U 19036K   21175.80102550  .00015408  00000-0  20737-3 0  9999
2 44348  28.5135  84.9831 0329748 346.5232  12.6729 15.12166206110021
Armadillo
1 44352U 19036P   21175.01746690  .00028493  00000-0  35892-3 0  9992
2 44352  28.5293  68.4616 0299297  11.6094 349.1223 15.19755828110073
NO-104
1 44354U 19036R   21175.42677608  .00015815  00000-0  20773-3 0  9997
2 44354  28.5295  80.5502 0324725 351.6671   7.8624 15.13685666110034
NO-103
1 44355U 19036S   21175.32097078  .00041702  00000-0  45201-3 0  9991
2 44355  28.5252  35.0974 0261797  65.6663 297.1035 15.30169814110488
CP9
1 44360U 19036X   21174.76743218  .00109487 -34897-5  70057-3 0  9997
2 44360  28.5039 331.7490 0178434 170.2059 190.2087 15.55969063110934
Move-IIb
1 44398U 19038N   21175.58181966  .00001338  00000-0  77708-4 0  9997
2 44398  97.5837 139.5509 0022756 287.1922  72.6817 15.13693714108846
SONATE
1 44400U 19038Q   21175.59179603  .00000442  00000-0  29054-4 0  9993
2 44400  97.5908 139.4322 0023635 287.5288  72.3359 15.12565594108815
BeeSat 9
1 44412U 19038AC  21175.34687671  .00001168  00000-0  69113-4 0  9994
2 44412  97.5885 139.4694 0020607 292.5202  67.3848 15.13308986108494
JAISAT-1
1 44419U 19038F   21175.18223298  .00001223  00000-0  71236-4 0  9995
2 44419  97.5888 139.8582 0019419 291.3309  68.5849 15.13793268108819
LightSail-2
1 44420U 19036AC  21175.62215731  .00004932  00000-0  95724-3 0  9994
2 44420  24.0048 267.9213 0016014 305.4101  54.4897 14.60165401104662
Taurus 1
1 44530U 19059C   21172.73963859  .00000237  00000-0  78978-4 0  9998
2 44530  98.5526 263.1209 0015357 128.0379 232.2200 14.46077110 93708
Duchifat 3
1 44854U 19089C   21175.78504644  .00000453  00000-0  42538-4 0  9994
2 44854  36.9671  57.2750 0008062 208.5759 151.4477 14.99513039 84204
OPS-SAT
1 44878U 19092F   21175.44803324  .00001169  00000-0  63238-4 0  9999
2 44878  97.4748 358.8397 0014792 140.5074 219.7240 15.16547323 83899
TO-108
1 44881U 19093C   21175.49167381  .00000040  00000-0  11936-4 0  9990
2 44881  97.9238 254.2431 0013613 270.7623  89.2013 14.81457350 81771
FloripaSat 1
1 44885U 19093G   21175.50863483  .00000300  00000-0  44218-4 0  9990
2 44885  97.9264 254.8539 0013141 278.7780  81.2464 14.82308633 81814
RS-44
1 44909U 19096E   21175.50773416  .00000013  00000-0  23934-6 0  9991
2 44909  82.5214 108.1268 0218596  76.6443 285.8927 12.79710348 69724
SwampSat-2
1 45115U 19071E   21175.46879951  .00043855  00000-0  65444-3 0  9990
2 45115  51.6353 340.9126 0006133 317.7152  42.3366 15.54594278 78532
HO-107
1 45119U 19071J   21175.50933146  .00002811  00000-0  90160-4 0  9997
2 45119  51.6426   2.6755 0010755 317.7710  42.2444 15.35848769 78253
Phoenix
1 45258U 98067RB  21175.49206435  .00008562  00000-0  12385-3 0  9996
2 45258  51.6405 293.6897 0005246 282.4660  77.5745 15.56798228 76300
AztechSat-1
1 45261U 98067RE  21175.56346248  .00028875  00000-0  28221-3 0  9990
2 45261  51.6368 282.1429 0006488 306.2774  53.7622 15.65897007 76491
QARMAN
1 45263U 98067RG  21175.49865342  .00019188  00000-0  22095-3 0  9995
2 45263  51.6389 287.7378 0006084 298.3117  61.7263 15.61984690 76440
Quetzal 1
1 45598U 98067RL  21175.74355656  .00016727  00000-0  20859-3 0  9998
2 45598  51.6404 290.8974 0001880   8.9796 351.1230 15.60021583 65690
BY70-2
1 45857U 20042B   21172.77746468  .00001024  00000-0  15233-3 0  9993
2 45857  97.9841 248.4812 0011094 191.0450 169.0518 14.77045162 52186
UPMSat 2
1 46276U 20061E   21175.47821124  .00000593  00000-0  33819-4 0  9994
2 46276  97.4321 249.1154 0001722  42.3009 317.8356 15.16483601 44601
AmicalSat
1 46287U 20061R   21175.46363628  .00000800  00000-0  52373-4 0  9992
2 46287  97.4873 248.5766 0004319  80.6434 279.5284 15.10495631 44401
SALSAT
1 46495U 20068K   21175.58241273  .00000253  00000-0  23066-4 0  9993
2 46495  97.6935 113.0346 0018220  49.4605 310.8206 15.03457682 40407
BY70-3
1 46839U 20079N   21174.52154973  .00002096  00000-0  66579-4 0  9993
2 46839  97.2415 248.2582 0007728 171.5633 313.3086 15.33726321 35130
SPOC
1 46921U 98067RR  21175.53037421  .00008498  00000-0  13350-3 0  9997
2 46921  51.6425 300.7393 0002017 102.9473 257.1743 15.54536353 35960
Bobcat-1
1 46922U 98067RS  21175.72970848  .00013053  00000-0  18866-3 0  9998
2 46922  51.6433 298.3402 0001418 112.7666 247.3476 15.56290649 35961
Neutron-1
1 46923U 98067RT  21175.41791649  .00008334  00000-0  13167-3 0  9990
2 46923  51.6423 301.4852 0001939 117.8030 242.3158 15.54405149 35979
CAPE 3
1 47309U 21002A   21175.54794794  .00000810  00000-0  48114-4 0  9994
2 47309  60.6824 265.4342 0041254  51.5619 308.9158 15.20791372 23961
AO-109
1 47311U 21002C   21175.52026734  .00001410  00000-0  72871-4 0  9991
2 47311  60.6855 264.7405 0038127  52.2890 308.1643 15.21681081 23949
MiTEE 1
1 47314U 21002F   21175.51880043  .00002229  00000-0  10373-3 0  9991
2 47314  60.6839 263.5621 0036569  43.8343 316.5636 15.23157634 23981
ExoCube 2
1 47319U 21002L   21175.49241022  .00000527  00000-0  35224-4 0  9993
2 47319  60.6846 265.1593 0038792  53.2335 307.2302 15.21310585 23909
UVSQ-SAT
1 47438U 21006AB  21175.12680782  .00001016  00000-0  60851-4 0  9997
2 47438  97.4868 236.2312 0014391  77.4527 282.8312 15.13158385 23066
YUSAT 1
1 47439U 21006AC  21175.12910369  .00001168  00000-0  69425-4 0  9999
2 47439  97.4871 236.2315 0014254  77.8863 282.3964 15.13153185 23060
SOMP 2b
1 47445U 21006AJ  21175.73709431  .00000926  00000-0  56022-4 0  9999
2 47445  97.4841 236.7385 0014008  79.0240 281.2566 15.12999254 23156
IDEASSat
1 47458U 21006AX  21175.41995416  .00000918  00000-0  55788-4 0  9997
2 47458  97.4932 236.5803 0013079  78.2077 282.0620 15.12861556 23108
RSP-01
1 47925U 98067SB  21175.51712574  .00008939  00000-0  15474-3 0  9998
2 47925  51.6438 305.1331 0002083  64.5615 295.5591 15.51731739 15871
TAUSAT-1
1 47926U 98067SC  21175.42317710  .00010720  00000-0  17979-3 0  9995
2 47926  51.6428 305.2552 0003085  62.6667 297.4637 15.52388265 15859
Tsuru
1 47927U 98067SD  21175.52231868  .00007828  00000-0  13732-3 0  9994
2 47927  51.6437 305.1675 0002202  62.6181 297.5032 15.51557770 15876
STARS-EC
1 47928U 98067SE  21175.52094948  .00011796  00000-0  20086-3 0  9990
2 47928  51.6428 305.1525 0005376 137.6824 222.4581 15.51841578 15859
Maya-2
1 47929U 98067SF  21175.45581767  .00007861  00000-0  13773-3 0  9996
2 47929  51.6433 305.4733 0002278  59.2661 300.8552 15.51586964 15827
OPUSAT-II
1 47930U 98067SG  21175.43961190  .00011868  00000-0  19933-3 0  9994
2 47930  51.6433 305.3666 0002008  50.2600 309.8567 15.52229580 15866
GuaraniSat-1
1 47931U 98067SH  21175.45494016  .00007953  00000-0  13917-3 0  9991
2 47931  51.6434 305.4685 0002330  58.1325 301.9891 15.51600789 15865
CubeSX-Sirius-HSE
1 47951U 21022V   21175.22291099 -.00000127  00000-0 -44456-5 0  9993
2 47951  97.5590  77.2428 0020497 290.4857  69.4170 15.05669431 14079
CubeSX-HSE
1 47952U 21022W   21174.48949037 -.00000288  00000-0 -15535-4 0  9996
2 47952  97.5608  76.5287 0020694 292.5807  67.2284 15.05707472 13969
KSU-Cubesat
1 47954U 21022Y   21175.41520856  .00001055  00000-0  76804-4 0  9993
2 47954  97.5589  77.4515 0020234 289.0391  70.8644 15.05794923 13824
GRBAlpha
1 47959U 21022AD  21174.88843919 -.00000075  00000-0 -89308-6 0  9994
2 47959  97.5590  76.9270 0020462 292.4416  67.4205 15.05705972 12844
Orbicraft-Zorkiy
1 47960U 21022AE  21174.48568311  .00000248  00000-0  21343-4 0  9995
2 47960  97.5610  76.5555 0020241 292.1126  67.7172 15.05773805 13477
STECCO
1 47962U 21022AG  21175.89634525  .00000293  00000-0  23810-4 0  9995
2 47962  97.5569  78.0407 0015478 286.1116 136.1890 15.06812287 12996
DO-111
1 47963U 21022AH  21175.53146566  .00002354  00000-0  15963-3 0  9999
2 47963  97.5584  77.7400 0017951 283.1163  76.8062 15.07287525 12960
MO-110
1 47964U 21022AJ  21175.47039285  .00001371  00000-0  95254-4 0  9992
2 47964  97.5579  77.6651 0018250 282.8590  77.0598 15.07086853 12930
RamSat
1 48850U 98067SL  21175.50043323  .00006602  00000-0  12471-3 0  9993
2 48850  51.6430 306.5049 0004362 163.1803 196.9331 15.49730469  1607
