AO-07
1 07530U 74089B   21161.86575078 -.00000053  00000-0 -49169-4 0  9993
2 07530 101.8534 136.3754 0012558  36.2644  20.6006 12.53649018131147
UO-11
1 14781U 84021B   21161.71574805  .00000101  00000-0  18364-4 0  9992
2 14781  97.5921 161.8892 0009985 101.6507 258.5829 14.83291050  5931
LO-19
1 20442U 90005G   21161.78405217 -.00000018  00000-0  10147-4 0  9998
2 20442  98.7411 117.1895 0011742 175.2759 184.8538 14.32988267639934
HUBBLE
1 20580U 90037B   21161.58801620  .00000428  00000-0  14896-4 0  9991
2 20580  28.4695 110.5046 0002581 353.9720 169.0288 15.09655515510005
MET-2/21
1 22782U 93055A   21161.79809858  .00000026  00000-0  10659-4 0  9991
2 22782  82.5482 309.1902 0021336 312.3983 156.7684 13.83835983402879
AO-27
1 22825U 93061C   21161.80187422 -.00000012  00000-0  13359-4 0  9990
2 22825  98.9172 179.2547 0009392  58.4403 301.7694 14.30116427445304
IO-26
1 22826U 93061D   21161.77385931 -.00000003  00000-0  16760-4 0  9991
2 22826  98.9113 179.1354 0009766  46.8057 313.3939 14.30455525445526
FO-29
1 24278U 96046B   21161.42500436 -.00000044  00000-0 -93839-5 0  9990
2 24278  98.5673 230.3339 0350656 167.7010 193.2971 13.53104754225298
NOAA-15
1 25338U 98030A   21161.84118297  .00000077  00000-0  50642-4 0  9997
2 25338  98.6817 190.4254 0009314 303.7190  56.3101 14.26036253200300
GO-32
1 25397U 98043D   21161.79969623 -.00000022  00000-0  98952-5 0  9995
2 25397  98.7710 107.3697 0002392  95.5533 264.5918 14.23709463190766
ISS
1 25544U 98067A   21161.90466603  .00001115  00000-0  28439-4 0  9993
2 25544  51.6454  13.7989 0003590  85.4990 345.1916 15.48972937287625
NO-44
1 26931U 01043C   21161.74603288 -.00000045  00000-0  14687-4 0  9998
2 26931  67.0516 297.7466 0006493 261.1883  98.8483 14.30621250 28396
SO-50
1 27607U 02058C   21161.79508463 -.00000000  00000-0  20371-4 0  9998
2 27607  64.5561 358.7073 0039821  23.3173 336.9724 14.75755090993734
CO-55
1 27844U 03031E   21161.58224615  .00000045  00000-0  39804-4 0  9993
2 27844  98.6793 169.8996 0011150  97.9973 262.2470 14.22313262931001
CO-57
1 27848U 03031J   21161.57338627  .00000035  00000-0  35813-4 0  9990
2 27848  98.6850 170.4557 0010953 109.7968 250.4391 14.21889770930838
RS-22
1 27939U 03042A   21161.83398596  .00000114  00000-0  29112-4 0  9996
2 27939  98.1402 298.9751 0011715 304.2710  55.7384 14.66989703946553
NOAA-18
1 28654U 05018A   21161.78798955  .00000069  00000-0  61984-4 0  9995
2 28654  98.9940 226.6258 0013237 303.0858  56.9042 14.12612855827592
CO-58
1 28895U 05043F   21161.79588915  .00000129  00000-0  33624-4 0  9991
2 28895  98.0581 295.1798 0015758 228.0231 131.9630 14.63918026833265
Falconsat-3
1 30776U 07006E   21161.36590593  .00003158  00000-0  76616-4 0  9994
2 30776  35.4326 145.7756 0003238 220.2085 139.8403 15.40714639792015
CO-65
1 32785U 08021C   21161.74545083  .00000243  00000-0  31669-4 0  9991
2 32785  97.6106 140.8485 0013810  31.6758 328.5287 14.88725335711245
AAUSAT2
1 32788U 08021F   21161.73188595  .00001014  00000-0  96266-4 0  9995
2 32788  97.5045 156.6708 0010038 296.8327  63.1867 14.95588283712950
DO-64
1 32789U 08021G   21161.71762385  .00001790  00000-0  11695-3 0  9992
2 32789  97.3759 197.3435 0012454 157.8559 202.3211 15.08977018715919
CO-66
1 32791U 08021J   21161.72010390  .00000377  00000-0  43050-4 0  9999
2 32791  97.5704 146.7433 0013061 356.1311   3.9805 14.91410555711857
RS-30
1 32953U 08025A   21161.86970043  .00000028  00000-0  12906-3 0  9996
2 32953  82.5051  55.0253 0020043 354.4867   5.5986 12.43102092592161
PRISM
1 33493U 09002B   21161.84778468  .00001253  00000-0  11245-3 0  9993
2 33493  98.1891 124.0705 0013426 314.4804  45.5319 14.97670853673349
NOAA-19
1 33591U 09005A   21161.75057791  .00000070  00000-0  62969-4 0  9990
2 33591  99.1831 182.2905 0014523 147.8878 212.3180 14.12473798635972
SRMSAT
1 37841U 11058D   21161.85944153  .00000305  00000-0  22587-4 0  9994
2 37841  19.9737 340.9328 0011845 221.3980 275.7065 14.10696903498927
HRBE
1 37855U 11061F   21161.58779036  .00002085  00000-0  10681-3 0  9997
2 37855 101.7133  81.4270 0167047  91.0781 270.9575 15.07644918525146
RS-40
1 38735U 12041C   21161.75015171  .00000035  00000-0  18426-3 0  9994
2 38735  82.4741 137.2746 0018402  99.0624 261.2538 12.42583125402353
ZACUBE-1
1 39417U 13066B   21161.69606457  .00000192  00000-0  30201-4 0  9996
2 39417  97.5923 146.3736 0058467 181.7675 178.3341 14.81517907408075
GOMX-1
1 39430U 13066Q   21161.81438337  .00000180  00000-0  41062-4 0  9999
2 39430  97.8147  85.2668 0151328 135.3802 225.9711 14.59612611402070
LO-74
1 39440U 13066AA  21161.80953943  .00000193  00000-0  33820-4 0  9991
2 39440  97.6756 131.4820 0078252 256.9296 102.3172 14.76247404406649
AO-73
1 39444U 13066AE  21161.68438262  .00000275  00000-0  39679-4 0  9992
2 39444  97.5828 148.7257 0057790 172.1466 188.0667 14.82425580407022
SPROUT
1 39770U 14029E   21161.75404323  .00001051  00000-0  11931-3 0  9996
2 39770  97.9147 273.0324 0007702 224.6554 135.4059 14.88425909382347
DTUSAT-2
1 40030U 14033W   21161.76896897  .00000224  00000-0  29823-4 0  9995
2 40030  97.9165  89.0162 0011374 189.9266 170.1728 14.88993664378832
EO-80
1 40032U 14033Y   21161.79918318  .00000273  00000-0  35040-4 0  9995
2 40032  97.9173  89.0530 0011266 190.8382 169.2594 14.88951145378829
HODOYOSHI-1
1 40299U 14070B   21161.74462542  .00000806  00000-0  35319-4 0  9990
2 40299  97.2863 235.5053 0013288  19.3105  96.7492 15.24722781366398
FIREBIRD FU3
1 40377U 15003B   21161.38828584  .00003642  00000-0  13458-3 0  9996
2 40377  99.0986 301.1397 0117583 196.0887 163.6598 15.22354380351710
FIREBIRD FU4
1 40378U 15003C   21161.82500705  .00003358  00000-0  12421-3 0  9991
2 40378  99.0994 301.8074 0117694 194.4354 165.3506 15.22407374351791
GRIFEX
1 40379U 15003D   21161.81121456  .00001767  00000-0  74872-4 0  9994
2 40379  99.0948 291.1693 0127718 227.0270 132.0195 15.18014756351188
NO-84
1 40654U 15025D   21160.37615769  .00040576  00000-0  28384-3 0   391
2 40654  54.9801  79.8575 0080979  45.9836 314.7891 15.69428913  5788
XW-2A
1 40903U 15049E   21161.76760703  .00003296  00000-0  70909-4 0  9991
2 40903  97.2370 216.2695 0013505  45.9911  63.7865 15.45279806321761
XW-2C
1 40906U 15049H   21161.78055176  .00000619  00000-0  34940-4 0  9998
2 40906  97.4854 164.2175 0013722 204.9473 328.1596 15.16736194316555
XW-2D
1 40907U 15049J   21161.77613731  .00000723  00000-0  39864-4 0  9991
2 40907  97.4849 164.0048 0013246 200.4681 332.0085 15.17056202316586
LILACSAT-2
1 40908U 15049K   21161.75787868  .00000457  00000-0  28449-4 0  9994
2 40908  97.5035 161.8404 0014503 218.4648 315.0290 15.14437697316212
XW-2E
1 40909U 15049L   21161.73101970  .00001395  00000-0  68805-4 0  9999
2 40909  97.4653 167.9618 0012747 186.4393 291.2052 15.19527286316918
XW-2F
1 40910U 15049M   21161.79227277  .00001424  00000-0  71134-4 0  9998
2 40910  97.4715 167.1000 0013981 186.3787 259.8257 15.19029025316716
XW-2B
1 40911U 15049N   21161.77851850  .00000710  00000-0  39307-4 0  9990
2 40911  97.4841 164.6896 0013185 201.3672 330.8906 15.16973034316478
DCBB
1 40912U 15049P   21161.74069847  .00001619  00000-0  74739-4 0  9992
2 40912  97.4443 171.4181 0014806 159.4706 318.1531 15.21564001317179
TW-1A
1 40928U 15051D   21161.87116005  .00005072  00000-0  10630-3 0  9991
2 40928  97.0768 186.9311 0008163 327.5561 156.7943 15.45819214320671
IO-86
1 40931U 15052B   21161.58690180  .00000750  00000-0  15118-4 0  9990
2 40931   5.9976 301.3372 0014283 306.2077  53.6725 14.76677619308280
ATHENOXAT-1
1 41168U 15077C   21161.74583843  .00002297  00000-0  81219-4 0  9998
2 41168  14.9880 310.3181 0010828  78.0327 319.7755 15.15688100303766
ChubuSat-2
1 41338U 16012B   21161.54937101  .00000315  00000-0  17628-4 0  9997
2 41338  31.0020 229.8067 0013614  64.8630 295.3417 15.00531051291568
ChubuSat-3
1 41339U 16012C   21161.50655849  .00000311  00000-0  17291-4 0  9992
2 41339  31.0103 227.3143 0013346  71.2045 289.0039 15.00678301291552
Horyu-4
1 41340U 16012D   21161.50765328  .00000442  00000-0  26419-4 0  9995
2 41340  31.0038 210.9642 0013702 103.6734 256.5428 15.01892390291743
e-st@r-II
1 41459U 16025D   21161.64824190  .00003294  00000-0  16192-3 0  9992
2 41459  98.1413 297.4389 0161238  85.7860 276.1787 15.08097704281390
AAUSAT4
1 41460U 16025E   21161.69114304  .00003356  00000-0  15726-3 0  9999
2 41460  98.1424 301.3302 0148415  69.5353 292.1734 15.11184426281698
LO-87
1 41557U 16033B   21161.79392819  .00001829  00000-0  66667-4 0  9999
2 41557  97.3938 255.7674 0011248 256.7401 220.8829 15.29435111280519
NuSat2
1 41558U 16033C   21161.74483091  .00001886  00000-0  64432-4 0  9999
2 41558  97.4044 259.5068 0010341 249.2496 263.3467 15.31525374280695
Lapan A3
1 41603U 16040E   21161.74856648  .00000134  00000-0  92357-5 0  9993
2 41603  97.2563 208.9350 0014332  32.4682  76.7762 15.20034684275566
Pratham
1 41783U 16059A   21161.69441182  .00000073  00000-0  23255-4 0  9991
2 41783  97.9644 212.0324 0032091 267.1447  92.6083 14.63142272251260
TY-1
1 41844U 16066D   21161.78311951  .00001153  00000-0  47887-4 0  9994
2 41844  97.3985 172.0696 0015365 154.9598  18.0845 15.25771785254887
CAS-2T
1 41847U 16066G   21161.79590614  .00000101  00000-0  26239-4 0  9993
2 41847  98.6014 220.8987 0364206 240.1788 116.2731 14.38194011240921
EO-88
1 42017U 17008BX  21161.75112961  .00002086  00000-0  78633-4 0  9990
2 42017  97.3160 229.4706 0007499 124.4847 235.7102 15.28158210240235
CAS-4B
1 42759U 17034B   21161.89404009  .00000392  00000-0  36865-4 0  9993
2 42759  43.0171 217.1451 0007333 126.4108  42.4654 15.10223457220159
CAS-4A
1 42761U 17034D   21161.88539620  .00000430  00000-0  39081-4 0  9999
2 42761  43.0168 216.2537 0007764 128.5356  40.3451 15.10310690220157
NIUSat
1 42766U 17036B   21161.34949783  .00001201  00000-0  54297-4 0  9995
2 42766  97.2502 207.5705 0014561 194.0797 166.0036 15.22718430220135
Aalto 1
1 42775U 17036L   21161.38776908  .00000950  00000-0  43609-4 0  9991
2 42775  97.2472 207.8607 0013088 192.4949 167.5965 15.22670932220129
URSA MAIOR
1 42776U 17036M   21161.78568184  .00001061  00000-0  48028-4 0  9995
2 42776  97.2485 208.7066 0012937 190.3403 169.7570 15.22933099220208
Max Valier Sat
1 42778U 17036P   21161.40792096  .00001187  00000-0  52418-4 0  9994
2 42778  97.2551 210.2498 0011432 192.4562 167.6395 15.23594560220219
Pegasus
1 42784U 17036V   21161.41368177  .00001471  00000-0  62725-4 0  9999
2 42784  97.2505 210.7220 0010911 195.7880 164.3019 15.24415171220288
NUDATSat
1 42787U 17036Y   21161.88794287  .00002596  00000-0  10256-3 0  9998
2 42787  97.2547 213.5629 0009419 188.3021 171.8062 15.26345233220337
SUCHAI 1
1 42788U 17036Z   21161.67881701  .00001841  00000-0  76022-4 0  9990
2 42788  97.2513 211.9580 0010550 191.0834 169.0173 15.25203706220452
SKCUBE
1 42789U 17036AA  21161.37870244  .00001638  00000-0  68488-4 0  9999
2 42789  97.2509 211.3834 0010390 193.0723 167.0247 15.24939837220310
VZLUSAT 1
1 42790U 17036AB  21161.42299021  .00002273  00000-0  90202-4 0  9990
2 42790  97.2539 213.1019 0009978 187.3708 172.7386 15.26317138220413
VENTA 1
1 42791U 17036AC  21161.35956940  .00001571  00000-0  65901-4 0  9991
2 42791  97.2506 211.3797 0010066 193.4338 166.6634 15.24887074220303
Robusta 1B
1 42792U 17036AD  21161.67669200  .00001723  00000-0  71408-4 0  9995
2 42792  97.2513 212.0484 0010013 191.5061 168.5950 15.25175692220395
D-SAT
1 42794U 17036AF  21161.58279118  .00000213  00000-0  23836-4 0  9997
2 42794  97.4612 181.8400 0123980 248.6493 110.1458 14.91572633216064
TechnoSat
1 42829U 17042E   21161.67740976  .00000075  00000-0  12765-4 0  9993
2 42829  97.4699  31.5758 0014488 163.6556 196.5133 14.91286488212674
QIKCOM-1
1 42983U 98067NF  21161.75942219  .00006823  00000-0  68708-4 0  9998
2 42983  51.6371 293.3878 0002998 327.6937  32.3875 15.66745960206359
AO-91
1 43017U 17073E   21161.70574832  .00000679  00000-0  58064-4 0  9999
2 43017  97.7077  65.9593 0254087 322.7255  35.6554 14.79555444192124
EcAMSat
1 43019U 98067NG  21161.65999341  .00023106  00000-0  12986-3 0  9995
2 43019  51.6377 259.7439 0003544 324.3301  35.7463 15.79139774289111
PICSAT
1 43132U 18004X   21161.76277890  .00001520  00000-0  62193-4 0  9996
2 43132  97.4091 236.3650 0007842 223.8579 136.2037 15.25843881189664
AO-92
1 43137U 18004AC  21161.77232868  .00001284  00000-0  53923-4 0  9996
2 43137  97.4068 235.8717 0007525 226.9909 133.0699 15.25242153189631
TianYi 2
1 43155U 18008A   21161.78714506  .00001361  00000-0  81758-4 0  9998
2 43155  97.4028 226.9554 0017045 357.7739 141.4666 15.12437325187064
Zhou Enlai
1 43156U 18008B   21161.78646497  .00001466  00000-0  88792-4 0  9993
2 43156  97.4072 226.7902 0014196 358.5917 141.7615 15.12043257187008
TianYi 6
1 43158U 18008D   21161.78954088  .00001305  00000-0  80723-4 0  9991
2 43158  97.4011 225.3772 0013432 357.5368 127.2930 15.11471771186939
S-Net D
1 43186U 18014G   21161.73923340  .00000216  00000-0  23754-4 0  9992
2 43186  97.6778  69.4472 0012284 103.2183 257.0410 14.97057804183292
S-Net B
1 43187U 18014H   21161.73914946  .00000218  00000-0  23894-4 0  9992
2 43187  97.6775  69.4139 0012286 103.1714 257.0880 14.97057305183298
S-Net A
1 43188U 18014J   21161.73919536  .00000215  00000-0  23630-4 0  9998
2 43188  97.6779  69.4583 0012275 103.2467 257.0125 14.97056105183299
S-Net C
1 43189U 18014K   21161.80651642  .00000232  00000-0  25115-4 0  9997
2 43189  97.6775  69.4726 0012300 102.9848 257.2748 14.97056033181856
FMN 1
1 43192U 18015A   21161.87310245  .00003013  00000-0  11285-3 0  9992
2 43192  97.4881 297.2079 0013012 264.9200 246.8714 15.28009988186584
Shaonian Xing
1 43199U 18015H   21161.82968135  .00002063  00000-0  79306-4 0  9994
2 43199  97.4658 294.3455 0014160 276.3588 237.5560 15.27506927186636
SurfSat
1 43614U 18070B   21161.66631292  .00003741  00000-0  87356-4 0  9998
2 43614  93.0309 303.1606 0015515  39.4511 320.7871 15.42119491153625
CP-7 DAVE
1 43615U 18070C   21161.35781777  .00003492  00000-0  82349-4 0  9999
2 43615  93.0312 302.9890 0015755  40.4105 319.8317 15.41830470153562
ELFIN-B
1 43616U 18070D   21161.39381946  .00005393  00000-0  11534-3 0  9997
2 43616  93.0268 303.1851 0015316  38.3304 321.9039 15.44718888153682
ELFIN-A
1 43617U 18070E   21161.80901996  .00005610  00000-0  11817-3 0  9993
2 43617  93.0317 304.1985 0014460  34.2608 325.9579 15.45178612153766
STARS-Me Mother
1 43640U 98067PQ  21161.64716580  .00311063  55680-4  41293-3 0  9999
2 43640  51.6204 262.5868 0010798 332.9205  27.1242 16.06036629153223
CubeBel 1
1 43666U 18083E   21161.73013726  .00001528  00000-0  75407-4 0  9998
2 43666  97.4559 190.1842 0014177 185.8259 284.8783 15.19333377144998
Changshagaoxin
1 43669U 18083H   21161.77636309  .00001090  00000-0  56689-4 0  9998
2 43669  97.4462 187.3234 0010599 178.2090 270.9461 15.18112591144878
Ten-Koh
1 43677U 18084G   21161.80908748  .00000183  00000-0  24628-4 0  9991
2 43677  97.9196 284.8294 0017234  59.6319 300.6600 14.90468580142318
PO-101
1 43678U 18084H   21161.81299087 -.00000228  00000-0 -16842-4 0  9993
2 43678  97.9230 287.0578 0011380  74.5892 285.6575 14.91750653142449
IRVINE 01
1 43693U 18088D   21161.60131391  .00003204  00000-0  12415-3 0  9990
2 43693  85.0345 199.5127 0018526  56.4152 303.8857 15.25561910143390
QO-100
1 43700U 18090A   21161.31490090  .00000157  00000-0  00000-0 0  9992
2 43700   0.0184  11.8735 0000952  84.1170 302.0580  1.00272584  9298
Reaktor Hello World
1 43743U 18096AA  21161.77311425  .00001506  00000-0  56360-4 0  9992
2 43743  97.3860 239.3352 0015652 303.3024  56.6717 15.28782612141119
MinXSS-2
1 43758U 18099A   21161.74778503  .00000906  00000-0  85553-4 0  9991
2 43758  97.6670 233.0793 0017133  73.7897 286.5208 14.96056403137513
AO-95
1 43770U 18099N   21161.75831180  .00000345  00000-0  36421-4 0  9994
2 43770  97.6652 232.0932 0016151  81.4344 278.8707 14.95324193137457
RANGE-B
1 43772U 18099Q   21161.78800386  .00000253  00000-0  27866-4 0  9994
2 43772  97.6734 233.1068 0015422  69.9660 290.3219 14.95620551137469
RANGE-A
1 43773U 18099R   21161.76326686 -.00000031  00000-0  23628-5 0  9997
2 43773  97.6586 231.4282 0014998  69.7996 290.4836 14.95216276137440
MOVE-II
1 43780U 18099Y   21161.72249358  .00000504  00000-0  50005-4 0  9993
2 43780  97.6666 232.5843 0014821  79.2481 281.0408 14.95923305137463
SNUSat 2
1 43782U 18099AA  21161.72518506  .00000319  00000-0  33851-4 0  9993
2 43782  97.6646 232.3997 0014063  69.5254 290.7476 14.95561895137463
SnugLite
1 43784U 18099AC  21161.73416158  .00000674  00000-0  65556-4 0  9997
2 43784  97.6612 232.1367 0016544  76.3378 283.9684 14.95687856137489
ITASat 1
1 43786U 18099AE  21161.74575007  .00000746  00000-0  72174-4 0  9993
2 43786  97.6671 232.7541 0016751  75.5459 284.7619 14.95617286137484
EAGLET 1
1 43790U 18099AJ  21161.71489311 -.00000137  00000-0 -70935-5 0  9997
2 43790  97.6659 233.1335 0014830  78.7219 281.5668 14.95965198137203
ESEO
1 43792U 18099AL  21161.76563553 -.00000158  00000-0 -90915-5 0  9998
2 43792  97.6628 232.7810 0014852  75.7892 284.4978 14.95742566137266
CSIM
1 43793U 18099AM  21161.79439323  .00000652  00000-0  62200-4 0  9991
2 43793  97.6651 233.1844 0014269  73.5819 286.6969 14.96584044137273
Astrocast 0.1
1 43798U 18099AS  21161.73256516  .00000656  00000-0  63227-4 0  9995
2 43798  97.6662 233.3435 0013551  61.3158 298.9424 14.96188800137511
JO-97
1 43803U 18099AX  21161.71070335 -.00000030  00000-0  23864-5 0  9994
2 43803  97.6631 232.4726 0016501  75.1065 285.1982 14.95862319137481
Suomi 100
1 43804U 18099AY  21161.71606847  .00000072  00000-0  11579-4 0  9992
2 43804  97.6626 232.4452 0016560  75.2797 285.0258 14.95832359137497
Al Farabi 2
1 43805U 18099AZ  21161.78500891 -.00000015  00000-0  37657-5 0  9996
2 43805  97.6642 232.7300 0016434  73.9391 286.3630 14.96048361137510
CHOMPTT
1 43855U 18104G   21161.82195145  .00001387  00000-0  55395-4 0  9995
2 43855  85.0361 297.8981 0017623 163.7410 196.4402 15.23969255138088
ISAT
1 43879U 18111D   21161.77658080  .00001016  00000-0  94064-4 0  9990
2 43879  97.6871  69.1526 0014426 120.3956 239.8683 14.96637837132057
UWE-4
1 43880U 18111E   21161.69885433  .00000844  00000-0  78538-4 0  9993
2 43880  97.6882  69.5470 0013689 121.7734 238.4823 14.96869660132076
Sparrow
1 43881U 18111F   21161.73665985  .00000264  00000-0  27996-4 0  9995
2 43881  97.6881  69.7148 0013532 120.7623 239.4933 14.96919304132088
Lume 1
1 43908U 18111AJ  21161.70719692  .00001358  00000-0  54970-4 0  9994
2 43908  97.2342  56.6338 0019313 319.5642  40.4160 15.26221675136643
FO-98
1 43933U 19003B   21161.74440069  .00009607  00000-0  36569-3 0  9994
2 43933  97.1827 203.3977 0017659  62.1378 298.1648 15.26795476133089
FO-99
1 43937U 19003F   21161.76366946  .00001788  00000-0  72276-4 0  9999
2 43937  97.1761 205.2138 0024274  40.1964 320.1064 15.25733200133240
MYSat 1
1 44045U 18092F   21161.85147989  .00003272  00000-0  90905-4 0  9990
2 44045  51.6380  98.3958 0010078 177.8066 182.2964 15.39892296130443
AstroCast 0.2
1 44083U 19018F   21161.67070064  .00001306  00000-0  59178-4 0  9993
2 44083  97.3730 222.8781 0012764   4.3853 355.7494 15.22567008121864
AISTechSat 3
1 44103U 19018AB  21161.71370927  .00001219  00000-0  53069-4 0  9998
2 44103  97.3600 223.3058 0013487  15.2093 102.3463 15.24062952121981
AISat 1
1 44104U 19018AC  21161.74553377  .00001077  00000-0  35682-4 0  9997
2 44104  97.4258 238.9926 0057198  20.9238 339.4325 15.32069242122641
Raavana-1
1 44329U 98067QE  21161.44636554  .00042848  00000-0  26250-3 0  9994
2 44329  51.6362 321.2411 0004773 263.9176  96.1281 15.76848857113052
Uguisu
1 44330U 98067QF  21161.44180250  .00040224  00000-0  25270-3 0  9990
2 44330  51.6323 321.8670 0004789 260.9965  99.0493 15.76306471113029
NepaliSat-1
1 44331U 98067QG  21161.44179907  .00041550  00000-0  25575-3 0  9999
2 44331  51.6340 321.1162 0004663 263.3248  96.7221 15.76756838113041
Prox-1
1 44339U 19036A   21161.77698306  .00000892  00000-0  15989-3 0  9993
2 44339  24.0016  16.2580 0010694 110.3261 249.8380 14.53584868104285
Oculus-ASR
1 44348U 19036K   21161.74161790  .00010527  00000-0  14022-3 0  9995
2 44348  28.5110 178.5141 0331048 194.2895 164.8138 15.11831958107894
Armadillo
1 44352U 19036P   21161.68354492  .00014715  00000-0  18422-3 0  9997
2 44352  28.5277 158.1448 0301178 225.7086 131.8433 15.19201234108046
NO-104
1 44354U 19036R   21161.38127081  .00010068  00000-0  13058-3 0  9995
2 44354  28.5269 174.1875 0326087 199.3248 159.4720 15.13326994107907
NO-103
1 44355U 19036S   21161.29237388  .00022752  00000-0  24923-3 0  9994
2 44355  28.5259 130.8936 0265202 269.9059  87.1151 15.29111725108333
CP9
1 44360U 19036X   21161.80057544  .00084847 -45940-5  56929-3 0  9993
2 44360  28.5043  63.6632 0188432  20.8915 339.9269 15.53184803108905
Move-IIb
1 44398U 19038N   21161.83172071  .00001691  00000-0  97213-4 0  9992
2 44398  97.5833 125.8649 0024186 336.5870  23.4260 15.13642070106769
SONATE
1 44400U 19038Q   21161.83157003  .00000780  00000-0  48336-4 0  9994
2 44400  97.5896 125.7454 0024314 336.2935  23.7174 15.12541979106736
BeeSat 9
1 44412U 19038AC  21161.65944905  .00001207  00000-0  71329-4 0  9995
2 44412  97.5877 125.8434 0021667 342.1399  17.9068 15.13269220106425
JAISAT-1
1 44419U 19038F   21161.43307394  .00001094  00000-0  64150-4 0  9991
2 44419  97.5880 126.1599 0020539 341.3334  18.7142 15.13752752106732
LightSail-2
1 44420U 19036AC  21161.20170336 -.00000450  00000-0 -13747-3 0  9992
2 44420  24.0047 359.6981 0009968 147.8255 212.2847 14.60095105102457
Taurus 1
1 44530U 19059C   21161.87632860  .00000459  00000-0  14111-3 0  9990
2 44530  98.5513 252.1623 0014743 156.7370 203.4481 14.46064028 92130
Duchifat 3
1 44854U 19089C   21161.66827681  .00000453  00000-0  42572-4 0  9993
2 44854  36.9654 140.7604 0007096  80.2166 279.9423 14.99495807 82087
OPS-SAT
1 44878U 19092F   21161.45984456  .00000762  00000-0  42448-4 0  9999
2 44878  97.4747 345.0563 0013494 187.5607 172.5425 15.16513199 81772
TO-108
1 44881U 19093C   21161.84813603  .00000046  00000-0  12691-4 0  9994
2 44881  97.9245 240.7477 0014146 319.2180  40.7965 14.81453792 79757
FloripaSat 1
1 44885U 19093G   21161.80538312  .00000286  00000-0  42505-4 0  9998
2 44885  97.9261 241.2787 0013786 327.7658  32.2713 14.82298244 79782
RS-44
1 44909U 19096E   21161.35671363 -.00000004  00000-0 -67247-4 0  9992
2 44909  82.5201 117.5278 0218439 109.5661 252.9167 12.79710031 67918
SwampSat-2
1 45115U 19071E   21161.83523378  .00036599  00000-0  57482-3 0  9995
2 45115  51.6362  48.8652 0004442 269.5749  90.4732 15.53279235 76415
HO-107
1 45119U 19071J   21161.77956190  .00001653  00000-0  57714-4 0  9996
2 45119  51.6429  69.2483 0010537 266.0993  93.8785 15.35757921 76145
Phoenix
1 45258U 98067RB  21161.81808961  .00007793  00000-0  11448-3 0  9993
2 45258  51.6404   2.1147 0005263 222.1582 137.9005 15.56523522 74179
AztechSat-1
1 45261U 98067RE  21161.77514743  .00023102  00000-0  23480-3 0  9995
2 45261  51.6368 352.0605 0005706 241.0369 119.0054 15.65054340 74322
QARMAN
1 45263U 98067RG  21161.80485299  .00016673  00000-0  19719-3 0  9999
2 45263  51.6392 356.7822 0005628 235.8873 124.1587 15.61405519 74307
Quetzal 1
1 45598U 98067RL  21161.77650173  .00014088  00000-0  18019-3 0  9991
2 45598  51.6405   1.1149 0000809 333.7702  26.3249 15.59506013 63518
BY70-2
1 45857U 20042B   21161.87060290  .00001264  00000-0  18642-3 0  9997
2 45857  97.9840 237.6861 0009814 228.1417 131.8945 14.77015390 50573
UPMSat 2
1 46276U 20061E   21161.75344994  .00000499  00000-0  29026-4 0  9995
2 46276  97.4325 235.6663 0002607  61.9176 298.2321 15.16462959 42521
AmicalSat
1 46287U 20061R   21161.75074053  .00000870  00000-0  56699-4 0  9992
2 46287  97.4877 235.1640 0004341 109.9472 250.2225 15.10468528 42336
SALSAT
1 46495U 20068K   21161.53931976 -.00000025  00000-0  27230-5 0  9995
2 46495  97.6951  99.0764 0019067  94.2878 266.0524 15.03458965 38296
BY70-3
1 46839U 20079N   21161.79344042  .00003030  00000-0  95509-4 0  9990
2 46839  97.2406 235.7809 0005836 219.2254 235.9057 15.33640641 33180
SPOC
1 46921U 98067RR  21161.83649621  .00007323  00000-0  11717-3 0  9997
2 46921  51.6426   9.0288 0002330  72.7453 287.3793 15.54266875 33825
Bobcat-1
1 46922U 98067RS  21161.53691348  .00010894  00000-0  16101-3 0  9997
2 46922  51.6432   9.2964 0002087  84.4056 275.7174 15.55883067 33760
Neutron-1
1 46923U 98067RT  21161.85150301  .00007514  00000-0  12058-3 0  9994
2 46923  51.6428   9.1265 0002399  85.1437 274.9828 15.54141628 33852
CAPE 3
1 47309U 21002A   21161.54384851  .00000624  00000-0  40011-4 0  9999
2 47309  60.6850 317.7913 0040158  44.6950 315.7361 15.20756373 21836
AO-109
1 47311U 21002C   21161.78712833  .00000772  00000-0  45572-4 0  9994
2 47311  60.6846 316.1518 0035589  44.3114 316.0811 15.21635642 21862
MiTEE 1
1 47314U 21002F   21161.79887970  .00001465  00000-0  72514-4 0  9999
2 47314  60.6856 315.0408 0034345  36.0604 324.2790 15.23088294 21890
ExoCube 2
1 47319U 21002L   21161.82173618  .00001021  00000-0  56764-4 0  9992
2 47319  60.6863 316.3037 0038084  46.7647 313.6608 15.21276287 21826
UVSQ-SAT
1 47438U 21006AB  21161.70251482  .00000903  00000-0  54521-4 0  9998
2 47438  97.4874 223.0470 0014271 118.5505 241.7164 15.13126054 21034
YUSAT 1
1 47439U 21006AC  21161.70474457  .00001040  00000-0  62256-4 0  9995
2 47439  97.4877 223.0472 0014164 118.8162 241.4493 15.13115867 21035
SOMP 2b
1 47445U 21006AJ  21161.71616348  .00000852  00000-0  51880-4 0  9991
2 47445  97.4847 222.9769 0013857 121.7330 238.5254 15.12967559 21038
IDEASSat
1 47458U 21006AX  21161.13317842  .00000928  00000-0  56424-4 0  9991
2 47458  97.4939 222.5437 0012967 121.3270 238.9232 15.12830177 20946
RSP-01
1 47925U 98067SB  21161.86283747  .00007743  00000-0  13642-3 0  9993
2 47925  51.6434  12.9373 0001935  36.6922 323.4199 15.51452607 13756
TAUSAT-1
1 47926U 98067SC  21161.77440415  .00008577  00000-0  14714-3 0  9998
2 47926  51.6432  13.0973 0002902  29.0041 331.1109 15.52049991 13730
Tsuru
1 47927U 98067SD  21161.67335242  .00007022  00000-0  12510-3 0  9995
2 47927  51.6437  13.9219 0001994  32.3581 327.7531 15.51302559 13724
STARS-EC
1 47928U 98067SE  21161.54524652  .00010975  00000-0  18985-3 0  9990
2 47928  51.6428  14.5615 0006211  90.7371 269.4330 15.51476979 13686
Maya-2
1 47929U 98067SF  21161.67153088  .00007195  00000-0  12785-3 0  9998
2 47929  51.6438  13.9102 0002059  27.4648 332.6450 15.51333148 13688
OPUSAT-II
1 47930U 98067SG  21161.85372034  .00010608  00000-0  18134-3 0  9991
2 47930  51.6436  12.8780 0001681  26.1837 333.9238 15.51861233 13751
GuaraniSat-1
1 47931U 98067SH  21161.79961066  .00007015  00000-0  12477-3 0  9996
2 47931  51.6437  13.2662 0002004  26.6646 333.4447 15.51348427 13741
CubeSX-Sirius-HSE
1 47951U 21022V   21161.74790769  .00001334  00000-0  96259-4 0  9999
2 47951  97.5610  64.0374 0021565 337.9487 107.9053 15.05660518 12049
CubeSX-HSE
1 47952U 21022W   21161.74560738  .00001319  00000-0  95085-4 0  9990
2 47952  97.5611  64.0388 0021320 337.5034 106.9759 15.05700041 12047
KSU-Cubesat
1 47954U 21022Y   21161.72606439  .00000692  00000-0  51829-4 0  9990
2 47954  97.5607  64.0334 0021037 338.4268  21.6070 15.05776715 11767
GRBAlpha
1 47959U 21022AD  21161.74623145  .00001313  00000-0  94698-4 0  9992
2 47959  97.5609  64.0452 0021311 338.2575 108.5915 15.05697723 10863
Orbicraft-Zorkiy
1 47960U 21022AE  21161.80916421  .00001229  00000-0  88801-4 0  9998
2 47960  97.5627  64.1277 0020932 337.8545 108.6157 15.05764758 11561
STECCO
1 47962U 21022AG  21161.75400022  .00001139  00000-0  80524-4 0  9993
2 47962  97.5587  64.1599 0016725 336.4100  99.0529 15.06785155 10865
DO-111
1 47963U 21022AH  21161.78926432  .00001820  00000-0  12456-3 0  9990
2 47963  97.5600  64.2410 0019004 333.5306  26.4949 15.07223026 10892
MO-110
1 47964U 21022AJ  21161.72650743  .00001018  00000-0  71840-4 0  9996
2 47964  97.5592  64.1689 0019147 332.9972  27.0257 15.07054446 10864
